0 0.8761 0.2152 0.0478 0.0734 0.8689 0.1998 0.8904 0.1974 0.8816 0.2114 0.8730 0.2313 0.8897 0.2295
0 0.3697 0.2427 0.0447 0.0693 0.3562 0.2260 0.3756 0.2253 0.3634 0.2347 0.3571 0.2565 0.3720 0.2550
0 0.5860 0.2406 0.0431 0.0670 0.5758 0.2258 0.5961 0.2247 0.5851 0.2364 0.5782 0.2549 0.5938 0.2540
0 0.1256 0.2578 0.0428 0.0666 0.1171 0.2432 0.1363 0.2442 0.1263 0.2555 0.1192 0.2726 0.1330 0.2738
0 0.3078 0.0207 0.0329 0.0415 0.3043 0.0064 0.3195 0.0064 0.3113 0.0194 0.3041 0.0298 0.3146 0.0306
0 0.6873 0.2604 0.0306 0.0457 0.6815 0.2502 0.6955 0.2496 0.6880 0.2594 0.6830 0.2718 0.6931 0.2719
0 0.3155 0.2635 0.0291 0.0449 0.3111 0.2553 0.3243 0.2546 0.3184 0.2651 0.3129 0.2763 0.3230 0.2759
0 0.4956 0.2738 0.0272 0.0410 0.4882 0.2653 0.5003 0.2648 0.4925 0.2739 0.4897 0.2837 0.4988 0.2838
0 0.8194 0.2225 0.0147 0.0244 0.8194 0.2170 0.8262 0.2172 0.8241 0.2252 0.8192 0.2305 0.8240 0.2310
0 0.1923 0.2583 0.0147 0.0237 0.1906 0.2535 0.1973 0.2531 0.1954 0.2603 0.1919 0.2667 0.1964 0.2665
