0 0.6311 0.8258 0.0668 0.1860 0.6174 0.8084 0.6489 0.8058 0.6348 0.8533 0.6224 0.8853 0.6463 0.8831
0 0.8758 0.8242 0.0568 0.1788 0.8634 0.8006 0.8911 0.8044 0.8778 0.8380 0.8684 0.8737 0.8850 0.8746
0 0.6378 0.4740 0.0603 0.1660 0.6248 0.4543 0.6535 0.4570 0.6392 0.4975 0.6271 0.5196 0.6495 0.5210
0 0.1100 0.1503 0.0597 0.1658 0.0974 0.1325 0.1258 0.1342 0.1123 0.1767 0.0995 0.1975 0.1221 0.1993
0 0.8810 0.4981 0.0598 0.1625 0.8694 0.4812 0.8979 0.4819 0.8852 0.5188 0.8726 0.5428 0.8942 0.5435
0 0.3739 0.8377 0.0562 0.1662 0.3615 0.8208 0.3886 0.8284 0.3746 0.8611 0.3613 0.8871 0.3820 0.8921
0 0.8728 0.1284 0.0559 0.1593 0.8596 0.1090 0.8866 0.1100 0.8735 0.1431 0.8639 0.1732 0.8836 0.1731
0 0.1189 0.8299 0.0538 0.1645 0.1069 0.8034 0.1342 0.8072 0.1221 0.8349 0.1098 0.8718 0.1307 0.8732
0 0.3702 0.5056 0.0537 0.1558 0.3590 0.4917 0.3855 0.4914 0.3732 0.5252 0.3623 0.5516 0.3828 0.5512
0 0.1153 0.5018 0.0545 0.1534 0.1029 0.4842 0.1285 0.4871 0.1155 0.5174 0.1047 0.5434 0.1250 0.5448
0 0.6223 0.1722 0.0527 0.1535 0.6088 0.1519 0.6355 0.1545 0.6222 0.1868 0.6113 0.2149 0.6322 0.2163
0 0.3699 0.1493 0.0484 0.1421 0.3600 0.1286 0.3838 0.1351 0.3716 0.1612 0.3579 0.1790 0.3804 0.1849
