0 0.9176 0.2759 0.0383 0.0635 0.9117 0.2613 0.9295 0.2611 0.9213 0.2763 0.9130 0.2885 0.9274 0.2884
0 0.5046 0.2974 0.0340 0.0653 0.4979 0.2902 0.5141 0.2905 0.5080 0.2981 0.4993 0.3140 0.5149 0.3137
0 0.2335 0.3579 0.0351 0.0549 0.2291 0.3481 0.2458 0.3472 0.2384 0.3611 0.2312 0.3736 0.2443 0.3728
0 0.7146 0.3083 0.0300 0.0517 0.7126 0.2975 0.7250 0.2988 0.7203 0.3079 0.7126 0.3201 0.7220 0.3215
0 0.2805 0.3732 0.0288 0.0512 0.2779 0.3641 0.2897 0.3635 0.2855 0.3775 0.2789 0.3863 0.2887 0.3860
0 0.0991 0.5545 0.0281 0.0491 0.0952 0.5486 0.1083 0.5452 0.1040 0.5602 0.0988 0.5709 0.1086 0.5693
0 0.5935 0.3000 0.0251 0.0471 0.5924 0.2904 0.6045 0.2902 0.6004 0.3037 0.5930 0.3123 0.6031 0.3123
0 0.7798 0.2562 0.0248 0.0475 0.7803 0.2464 0.7902 0.2483 0.7879 0.2570 0.7783 0.2667 0.7867 0.2681
0 0.0358 0.3279 0.0229 0.0390 0.0324 0.3231 0.0441 0.3215 0.0399 0.3346 0.0351 0.3426 0.0437 0.3422
0 0.3200 0.3371 0.0205 0.0371 0.3175 0.3301 0.3259 0.3294 0.3223 0.3395 0.3186 0.3484 0.3244 0.3483
