0 0.8678 0.6087 0.0316 0.0579 0.8621 0.5998 0.8747 0.5997 0.8658 0.6217 0.8602 0.6298 0.8706 0.6303
0 0.4719 0.5982 0.0304 0.0600 0.4621 0.5850 0.4723 0.5899 0.4592 0.5978 0.4573 0.6127 0.4654 0.6156
0 0.7765 0.5989 0.0271 0.0524 0.7686 0.5868 0.7779 0.5910 0.7667 0.5983 0.7644 0.6109 0.7715 0.6141
0 0.7095 0.2543 0.0199 0.0331 0.7053 0.2498 0.7129 0.2461 0.7095 0.2575 0.7069 0.2651 0.7128 0.2627
0 0.0644 0.7404 0.0136 0.0262 0.0638 0.7375 0.0705 0.7384 0.0681 0.7450 0.0628 0.7489 0.0682 0.7498
0 0.1213 0.7495 0.0127 0.0256 0.1189 0.7476 0.1254 0.7477 0.1223 0.7526 0.1195 0.7574 0.1247 0.7576
0 0.0327 0.7320 0.0128 0.0229 0.0284 0.7279 0.0350 0.7282 0.0294 0.7343 0.0289 0.7400 0.0338 0.7406
0 0.3277 0.7505 0.0119 0.0209 0.3230 0.7473 0.3279 0.7475 0.3235 0.7535 0.3235 0.7579 0.3273 0.7581
0 0.3900 0.7554 0.0111 0.0217 0.3889 0.7530 0.3948 0.7538 0.3925 0.7583 0.3882 0.7617 0.3939 0.7625
0 0.8252 0.1769 0.0109 0.0220 0.8221 0.1754 0.8273 0.1747 0.8239 0.1797 0.8223 0.1839 0.8268 0.1835
0 0.3749 0.7391 0.0106 0.0225 0.3721 0.7362 0.3776 0.7367 0.3730 0.7415 0.3716 0.7474 0.3760 0.7478
0 0.3239 0.7236 0.0099 0.0214 0.3206 0.7213 0.3252 0.7216 0.3222 0.7249 0.3199 0.7301 0.3238 0.7305
0 0.9226 0.2119 0.0091 0.0182 0.9208 0.2094 0.9258 0.2094 0.9231 0.2133 0.9209 0.2177 0.9248 0.2178
0 0.7417 0.2269 0.0086 0.0165 0.7385 0.2250 0.7428 0.2237 0.7409 0.2295 0.7392 0.2323 0.7427 0.2315
0 0.7525 0.5818 0.0080 0.0169 0.7508 0.5799 0.7545 0.5787 0.7530 0.5837 0.7512 0.5871 0.7542 0.5865
