0 0.6146 0.9326 0.0701 0.1347 0.6092 0.9210 0.6403 0.9274 0.6280 0.9510 0.6079 0.9752 0.6341 0.9797
0 0.4777 0.0466 0.0699 0.0932 0.4698 0.0044 0.4989 0.0073 0.4878 0.0388 0.4668 0.0538 0.4960 0.0555
0 0.8469 0.8982 0.0723 0.1384 0.8392 0.8825 0.8693 0.8853 0.8557 0.9144 0.8372 0.9297 0.8658 0.9328
0 0.6028 0.5789 0.0681 0.1403 0.5966 0.5642 0.6272 0.5675 0.6151 0.5940 0.5939 0.6111 0.6219 0.6139
0 0.1714 0.9131 0.0682 0.1398 0.1660 0.9006 0.1958 0.9032 0.1858 0.9338 0.1632 0.9501 0.1934 0.9524
0 0.1635 0.6424 0.0684 0.1380 0.1557 0.6295 0.1855 0.6307 0.1725 0.6616 0.1538 0.6788 0.1813 0.6787
0 0.2740 0.0485 0.0671 0.0971 0.2627 0.0092 0.2928 0.0102 0.2813 0.0353 0.2665 0.0642 0.2906 0.0651
0 0.1670 0.3001 0.0674 0.1359 0.1613 0.2829 0.1905 0.2900 0.1792 0.3093 0.1610 0.3347 0.1846 0.3402
0 0.3391 0.2872 0.0673 0.1309 0.3292 0.2702 0.3588 0.2697 0.3464 0.2972 0.3313 0.3206 0.3560 0.3204
0 0.3835 0.5831 0.0693 0.1202 0.3754 0.5635 0.4063 0.5667 0.3928 0.5918 0.3756 0.6120 0.4013 0.6144
0 0.8081 0.5892 0.0645 0.1291 0.8014 0.5761 0.8308 0.5792 0.8194 0.6030 0.8028 0.6228 0.8258 0.6243
0 0.0982 0.0433 0.0630 0.0866 0.0914 0.0010 0.1199 0.0047 0.1094 0.0289 0.0899 0.0492 0.1162 0.0524
0 0.7587 0.2707 0.0654 0.1263 0.7525 0.2550 0.7799 0.2600 0.7681 0.2813 0.7524 0.3036 0.7725 0.3082
0 0.9552 0.2995 0.0658 0.1255 0.9457 0.2842 0.9745 0.2842 0.9627 0.3075 0.9474 0.3326 0.9727 0.3317
0 0.5323 0.2973 0.0647 0.1188 0.5223 0.2825 0.5509 0.2819 0.5391 0.3049 0.5265 0.3301 0.5487 0.3299
0 0.8376 0.0592 0.0612 0.1185 0.8281 0.0421 0.8560 0.0431 0.8433 0.0696 0.8296 0.0886 0.8519 0.0893
